52698
665080
902622
370345
213514
447206
580191
520204
375002
768567
651117
104834
285584
686052
158460
129539
208243
745021
14279
595282
318015
107662
433896
457024
252102
240290
69664
567518
495311
343362
598931
166910
891848
859314
951346
527126
413021
596082
608078
219538
639919
517218
916078
561411
270483
887571
166356
598330
911988
844881
211618
297362
842499
947865
487993
745996
970819
88860
727905
441835
78219
423391
297025
929863
800330
660145
204336
790261
315665
502405
85866
45275
943879
364298
751541
696533
620050
860087
557274
708401
713831
46044
69682
839823
611578
272464
761214
786323
696878
486319
12597
485787
182497
139024
696974
913632
285043
11614
754452
558943
379548
353626
911395
196680
681158
895130
655007
136231
852224
608393
101753
827977
22741
254944
972703
178736
835129
116441
11061
383404
293305
386098
652277
131269
789889
744231
139004
154789
677654
263006
340981
629013
568811
371520
234005
333853
956715
87409
25712
361243
900576
198295
894807
670529
224436
730208
99703
672002
63483
841504
529103
267725
145047
980570
467019
324612
657995
563821
145776
764576
645918
358790
325923
81343
700589
668486
515506
40042
974085
954880
555671
378906
289177
394007
264356
592416
340088
833061
353091
973715
294919
264093
718654
232420
168104
145851
165215
715151
418027
367613
745229
586534
855224
378845
2348
852579
604987
985106
630680
951527
719474
74350
918878
312012
377211
689913
208881
72578
21215
57729
310307
11402
748979
451312
221841
924806
956836
813929
642444
784866
159673
264346
284485
58360
366358
589493
534047
461090
238851
36899
377331
214215
356986
864047
753133
801055
254777
962371
492587
251883
177844
56176
131063
473931
775569
101137
502580
273641
108587
662031
709010
815106
511908
909761
340826
706612
681938
350136
851923
497299
232866
221441
697048
470150
739373
974534
511616
65585
857294
30946
500323
119011
998631
374834
515880
39259
404756
109045
162680
626937
582003
62577
314741
685489
518097
775384
982373
756405
133140
33404
790660
183431
623800
197197
504915
85628
808041
718303
258007
295287
639948
610045
496315
388786
733496
444264
974084
461995
343691
375519
879098
913609
66861
227089
128827
129116
977159
69944
612795
807975
388141
60440
804008
793103
498360
460817
255430
112145
348736
2876
686630
460630
146037
195723
433226
539113
224696
30614
748965
328684
562765
378901
685778
353890
440159
780685
79587
523730
177608
830319
267023
749970
193692
747387
400390
917591
406579
558471
847430
284544
511499
258663
24756
982926
875384
54246
104644
480443
765882
9385
972442
66394
933329
537623
727740
76135
942944
363762
535751
659266
621930
932324
278745
49644
772322
560482
227326
854029
484919
996215
751784
156692
890701
271289
514099
902506
539314
954022
643205
498427
126510
629408
791912
918275
448192
855807
676823
977560
219256
623433
553938
96449
646784
92822
225854
720833
489883
862724
511679
878684
766277
932139
26042
421379
375589
612981
451294
257635
816681
939686
944989
163882
873411
463963
634446
217205
319874
686256
656870
843700
913874
100251
348768
367622
189105
969805
867628
368951
912502
655432
997029
603941
279143
72392
829124
492764
365014
86137
482057
282502
835187
888511
775965
641694
693355
299829
518330
597605
249352
8505
160363
814566
833007
313202
134714
814784
395674
634303
8061
894016
300459
812641
556987
90454
742148
139291
628355
930444
635948
600063
536998
129033
170309
270205
408482
103840
33154
119811
3757
137984
953691
235672
365068
432102
992020
593373
180198
993351
822355
869202
157206
414306
435217
136910
194362
887628
919892
174814
458989
454004
398712
519207
963676
584125
289288
349913
390416
173586
305059
683830
225764
308335
584874
915502
756197
329188
26419
954605
190080
290866
841331
525682
995808
911196
433486
279870
895215
250113
189191
840661
671982
254632
383552
619046
788079
265357
54895
484259
851943
270349
661364
46469
730241
486887
343665
368148
191786
261970
342596
24743
795431
653926
381376
894615
906792
701384
3557
642334
141276
550224
857450
386567
192234
812411
635369
712924
710194
762070
678005
254763
42304
277597
899975
460055
913137
446335
801149
953599
900930
433431
774607
463140
534160
151831
227828
352808
687761
433773
830397
192782
761960
352230
549684
602897
806818
708804
262383
569604
308480
45898
543908
364608
37716
98045
906920
588694
452395
143591
643499
434404
257652
555541
227162
279050
768251
91199
458538
15416
716490
492053
150786
218954
4456
180758
69014
551822
669897
698789
555285
213188
151207
792644
21086
343878
191300
187046
622842
198920
852208
320847
931734
186943
150336
666252
465750
729137
964741
678235
409052
959124
421548
17624
921619
514680
123100
216580
577990
592189
101427
696974
770923
534993
51995
640526
340358
947198
466892
156496
423183
475313
730043
431412
869606
976523
398142
206163
671918
474234
178275
569043
921283
341642
403947
507923
878432
684203
639236
639908
942153
157340
595325
997819
222815
510724
422539
114932
212162
528881
142719
957603
91449
604596
301128
89190
475249
779831
755411
881337
474244
425748
392483
39172
267663
529845
397437
405221
179371
548455
699205
389952
905573
343831
175501
458916
417858
181290
784139
624623
495841
514383
117599
462748
839340
594695
984418
835415
883046
878201
69020
291020
428287
96681
19681
176828
635246
953157
886502
629938
954346
290422
709876
990865
516484
601808
732473
432075
954957
323459
606516
911185
234244
61321
771699
816390
986766
598017
12187
931540
611918
382358
791084
288326
683943
182587
74497
110859
740473
325181
977303
637764
116004
651939
69276
401130
632169
222657
442507
996362
806175
965329
243807
764570
623280
216203
403241
135919
365955
541972
643010
234986
261602
599011
200089
707998
804472
554562
346130
49813
633220
22412
357720
274389
83948
272832
121865
616747
63298
910008
892733
174806
801026
783583
339197
5995
930406
394510
268392
552684
772515
38681
43204
2406
894224
481749
636450
396053
579013
106533
898346
50702
877686
525706
772386
442264
732357
655586
975582
646586
467209
214808
38942
663200
959837
230325
960771
318067
860020
430985
440963
90972
115316
216379
833665
166833
940877
808640
538216
844784
989250
510448
26620
463944
730655
339298
804481
6724
677974
242262
442529
197304
981359
668605
205016
363908
333289
64871
846911
497490
929326
147937
606569
569404
290304
547570
18343
443010
418972
301631
842151
730913
127085
611765
808775
725784
789605
381256
155482
799244
716942
473236
235371
417409
4169
308135
84224
487914
167531
536080
197564
430904
5226
688559
885546
493013
83637
679917
322204
49724
534677
175179
462597
662623
324106
680704
10423
86051
129034
333066
372956
749707
763538
569148
365410
551703
365174
527468
682203
382518
73712
156490
922900
913232
429172
713856
625147
392555
60845
725081
946596
244942
438292
317846
276165
844085
698775
1228
313841
841320
776882
248579
355252
940603
763669
809397
123497
818048
30441
524596
338008
284038
882332
452920
348204
771747
949432
395699
131202
380626
483908
605814
140454
737746
966828
54281
814541
820459
518828
475363
700300
925785
992773
545260
872254
436680
160962
780078
942797
353902
94746
196692
40585
254384
333132
691055
46031
235934
520871
27626
906482
654589
2601
668803
34242
63489
849374
82178
926911
922762
475456
227359
583793
974556
67511
376502
214232
549881
452156
567981
630621
325814
186837
958652
921155
385205
569779
255813
705407
680486
24795
744326
367234
179200
594420
881621
926557
685806
44545
970901
324948
668637
816656
336404
843449
549820
557941
778288
592419
237497
106099
718753
234427
36041
880389
414642
848376
838398
545227
844033
501550
551453
891412
450902
593239
403230
512552
918107
265653
743317
26093
733020
996310
623153
126337
453592
160802
447505
721415
302507
654277
431878
480795
598740
934503
497908
979723
702824
614952
643617
407209
78936
331129
926279
82200
429961
61461
839439
756020
309925
681764
700795
718369
772520
983754
397664
271903
57967
831552
221586
145414
706042
846944
789735
106830
590556
337841
216709
985008
901999
18406
197956
122067
223199
95208
387108
120705
719542
774668
843981
395741
10307
475170
581070
988999
910630
64645
14331
701336
683685
67093
451247
137338
391311
315833
121772
628736
736671
851272
187669
705343
206034
973634
504167
439155
586448
329499
350058
517290
476755
112006
42567
533299
56103
134324
355799
736478
734801
945281
322064
152022
299811
423995
698140
220405
796609
24871
167274
875085
424471
991727
247571
403023
252214
452968
211913
879269
935497
546984
299351
974036
20507
699794
127113
189832
885605
508779
651461
141739
838991
626991
78599
386638
867673
62795
829346
603973
706197
370690
898690
823354
276398
185259
476389
135749
633323
678055
299797
920709
412948
951698
750360
251611
731400
335425
12008
487685
722387
868237
683622
792484
919915
270582
328188
198935
862583
817164
178925
301912
288246
733029
956565
608237
274915
412230
111236
837331
603112
109102
358270
418133
789486
801886
784792
567486
463305
943967
119574
463082
788194
787150
245109
829540
318308
229159
860430
361414
778155
198190
325424
141262
36619
498329
460635
512406
325441
329805
278742
680891
264528
106483
994864
340023
995646
12823
820145
173004
662770
181497
932185
860807
258093
179243
740938
649315
238236
122538
306184
532588
149313
674366
203150
70499
970289
452359
662381
225404
420148
534373
116256
285802
4044
564815
63932
526226
18425
88182
553
326528
845057
635266
302189
14490
139442
445682
539685
214391
471680
336905
353985
730530
145971
786931
217219
450688
819130
644724
820913
678248
510849
217267
641088
60470
98059
936148
352656
640133
730916
998176
381945
877753
674512
75127
950285
334175
759287
681439
752838
205194
542165
703533
932210
389837
761145
696052
924682
619225
309257
587997
287798
459757
413996
523719
254907
270888
796910
865807
53572
670850
433662
943645
724522
52086
259224
945106
455424
765054
959497
496827
943735
678248
62919
64083
888548
250153
650090
612572
758452
417382
273510
836402
53252
299206
936815
496963
407281
836280
953044
374595
12832
32631
359579
285663
801624
627909
559574
496624
682365
73609
390999
347721
849321
211860
841911
55940
77169
172186
924883
933760
350151
344576
696949
255194
200385
3705
729061
46004
189311
658815
590976
796159
850836
209808
837788
778478
265832
652648
547719
431559
647481
281412
260521
608383
717670
771867
515916
192132
629244
551640
621133
89643
93901
205904
228636
216625
771642
362387
112165
518579
321669
150013
459402
295668
643273
850316
200410
265919
375038
124730
357201
299794
663333
229513
873577
234552
699882
863055
457266
436803
724605
967913
294615
359449
575142
274244
161994
885236
759217
94063
605365
387989
356900
725653
796249
371761
106689
687648
48753
152241
85331
842732
201068
471764
782286
778939
434834
115284
902571
309008
39782
611199
477168
76762
502461
804838
280413
728750
475441
411853
729829
151067
585024
691522
680081
296773
241986
766430
194697
856669
181151
764966
735533
395329
599673
254512
348069
450012
73227
275625
620679
66139
938775
831763
253617
935562
750177
544893
757953
493836
301810
586025
562726
467726
744322
294042
942684
804196
141452
26562
476053
427907
524531
318455
149841
209929
235629
600913
134831
5732
840418
654156
543272
164771
76728
284889
963668
255400
34860
817173
755899
502747
835884
338194
185325
343538
953850
310296
621640
511515
324124
859508
320572
123943
250762
444036
122750
263818
277508
39586
701341
792631
651982
333218
463224
614457
877934
795138
956925
814042
281377
284391
581099
795793
973274
164799
703104
617105
5315
60704
612144
302309
87410
921082
332206
74647
562955
365096
94381
327040
22884
484451
729938
779003
182863
411743
340087
923469
859468
737349
317157
817560
125562
602399
407074
820432
693808
53965
780906
894275
92303
267289
567640
638773
965972
489860
390115
494859
97918
628920
207598
457090
461588
776794
378006
626560
950134
355943
800096
199503
498423
550211
133299
593232
859401
471767
567499
344398
491438
818102
985026
142676
735644
7168
970992
441719
962393
893341
671510
70494
818353
649090
327535
63915
945950
234893
500089
793512
872663
8088
742623
407014
456472
866723
492379
378028
64876
697649
226676
394463
159806
141332
593922
365094
772879
812743
285539
828266
862211
103527
489748
615047
736302
909080
333793
504187
683724
895369
224072
517433
95365
358363
949405
384796
601224
523868
423260
772544
326456
666233
623150
376860
209864
286383
520001
172617
367072
273506
213479
667706
577591
695029
159010
315227
314036
472449
506271
307340
188559
810355
994200
865306
483729
127889
437159
194532
675220
436672
181124
111426
146336
77324
862038
790333
605148
673744
19561
447053
206910
70697
996645
702012
447304
47681
783965
343787
133340
335216
778610
431815
979658
188971
482155
660155
945220
312059
53628
346013
475930
217916
668109
352096
639591
157960
318636
7148
76641
342424
807288
38793
642048
93683
303478
487423
413222
562221
318025
406732
289960
423865
809684
179065
834718
721491
270718
205081
983346
869081
376607
540063
194148
996721
358623
415352
519896
953542
953396
34327
967774
811686
34619
430033
644660
573664
25670
175312
984494
580320
585530
174519
80447
514948
103907
37958
84229
335646
349576
857075
954472
999164
910130
999625
386772
869228
960944
323849
534590
655356
452484
159196
458845
942630
587866
446164
372148
125626
923376
949578
243756
791223
861415
121712
200142
972172
804336
339442
729507
577095
289237
10514
805708
429189
342663
378301
566999
38603
566487
116872
273040
544081
119127
263177
644367
684713
545543
511541
40050
691422
667376
770395
836658
60094
762194
247348
150400
748775
909154
843746
840081
631929
462931
757290
611685
194913
916349
406800
264938
954614
523339
567624
143029
393146
986342
73462
164542
928668
649972
744916
6061
620202
199260
337632
590667
395982
553593
896615
404359
50511
345610
648874
74801
33790
510722
879409
34988
922980
470964
391022
205001
376091
969917
928633
63509
637471
685334
555721
886995
558031
663184
86417
706811
161318
715531
427336
487434
279094
815497
828720
192803
685730
211903
701754
934491
982406
942795
814553
78567
846641
548458
439256
370618
162022
594410
498114
994838
516126
146580
660566
497021
872852
232447
763232
945641
406530
719643
521270
61827
293749
729673
569369
569011
695608
769446
193735
209604
687617
955007
425099
66930
398848
395473
91487
67872
544336
636780
62571
903068
190168
696454
688700
513743
437595
37181
18865
810515
550882
527657
14536
603170
587453
228852
919117
529481
959752
850713
575280
422655
879924
91357
211463
754611
395572
754613
405941
10118
728970
770470
822148
28160
798039
955947
290620
838105
529517
948151
481233
295510
290007
184682
358172
665181
346497
692014
477720
179253
701615
165753
906847
42378
4919
693358
24079
759957
475689
606335
504251
16786
733162
756638
489385
860309
981543
424727
913622
386508
743548
420326
595371
162811
498351
371353
891139
461436
647193
515415
511783
718237
370835
287309
471161
193092
814153
578526
48808
621957
994215
543585
448957
651216
417523
375648
187105
996526
184248
846539
106220
288069
932115
68768
422319
164198
64663
867498
657439
323931
796363
879537
907409
577119
944196
429681
666693
287520
385323
142998
427878
384724
227406
30589
801834
792463
446080
425369
295204
400803
315111
98156
499617
482136
529929
716263
589722
259746
613608
218509
311942
837481
536022
957065
438766
267402
404902
6552
315387
131570
923520
545369
51944
67777
283793
420770
852556
886826
950983
935378
190103
389892
505680
927981
442195
65554
668207
321961
638960
668141
525793
492583
535066
294053
357005
173069
152988
44104
525657
705
818593
699278
740272
161264
233835
682600
172211
738747
548086
483684
676269
681845
441734
820106
832147
613260
15700
909780
622354
570995
574841
602334
419195
424846
245897
136054
941409
779811
872204
613006
368833
560451
320854
427855
610285
74718
643291
588511
400002
967413
655335
345932
633209
512202
569906
317687
588334
774751
420509
881405
399688
64054
595808
347988
612963
186949
476027
654906
623466
26458
671148
6124
633564
110813
435189
253332
105097
291125
672594
521344
149025
800039
638280
721233
409384
454088
685294
276198
350665
432900
803497
173059
263968
848829
312524
7078
486647
985311
424513
340572
6861
178942
534372
167940
729251
971636
411408
713780
12503
463885
803287
257934
132654
389567
953241
619401
875132
316106
939849
295420
219419
917266
661620
563599
840121
529664
68450
44995
978068
185516
806765
307248
20840
577608
241333
165103
637159
814652
549289
920778
483123
789707
151105
593303
527176
758358
239664
259934
941648
619072
669317
143501
163166
209155
540154
890824
315956
934268
955408
476060
850566
500249
108044
993782
540809
777475
7731
857548
713183
37747
717935
809137
152818
829857
810315
725690
128175
194788
38813
781397
957870
124325
889687
839698
58956
983352
82521
381684
260998
389074
952070
58132
83114
970600
615150
386162
882699
405441
463263
923180
602837
176180
785155
824793
15291
266704
50859
2996
192697
332648
963290
879778
371122
388259
62533
761129
484111
212650
778676
67451
673222
215151
502603
637622
375953
984645
609575
868779
248613
422336
283493
585796
205075
833107
959595
155373
924568
250965
74174
557324
243930
646254
552294
580798
519624
335211
791970
171710
349573
950914
95616
780585
322771
751752
439017
663699
432159
569145
315967
635858
228175
700716
231542
468374
74413
571436
653549
646140
63848
246088
784646
410587
768215
426565
881529
661339
527749
299143
399714
948998
749017
300176
465096
602146
456771
174224
953055
117759
844724
946409
274896
818631
647882
667258
146061
69633
606989
856392
60158
396758
868924
715075
627763
745258
631275
635938
433249
141036
524379
821776
820407
291224
873577
492212
681884
617778
660142
816359
927809
821686
6474
479670
590702
893342
962118
340964
273088
318948
193406
258434
530820
912170
18592
594797
544939
795519
856716
780881
100698
305704
117454
986820
985021
535767
733871
170865
591317
573042
120261
31352
485291
297188
331083
43737
570097
500893
849259
387523
216278
663395
257973
598641
242318
130755
505732
887939
678722
728633
861759
34806
992523
387893
499979
605492
916791
607033
251217
613189
668539
903437
238116
257110
790936
958023
972703
799959
521042
5993
332876
576949
244389
249966
825520
959392
595045
650000
109715
88028
555004
60445
889093
493171
138003
932225
117048
517169
143324
582988
361236
561513
37233
198691
615261
338698
442400
203100
159788
110830
278271
143779
286415
306282
101676
864795
714036
679301
808553
735952
212735
356634
68748
669228
637421
600060
831629
154327
363524
476952
951932
706496
53563
409351
936966
250580
995966
858172
154396
332567
707542
186916
772349
677663
407607
670838
155699
882396
595738
704711
654367
395674
886949
767658
440020
493885
524106
340939
507579
920715
41087
388051
29558
961578
622807
728432
678532
201572
628842
189433
973944
711423
55148
592837
807722
128517
801693
306154
492554
740116
155578
401885
703757
782641
120731
305153
212458
759383
35116
403104
787222
177777
183795
542691
10105
36275
364265
830112
713749
480126
768531
80898
687774
910497
551638
519913
207256
287211
892082
852277
761466
311864
244639
932409
311613
835535
420785
576951
45606
436010
987188
680152
712961
487786
218191
224427
292426
358151
862262
329820
114833
691979
411379
973414
769731
431147
464660
77230
739203
675551
941993
854327
103300
945796
508661
622743
155553
168812
50861
717547
937559
280207
889776
380255
773577
465731
360568
969043
446411
844835
235756
887843
532478
223621
473025
408706
944983
664907
597904
183730
886485
87859
312532
129419
110033
917160
268008
764863
330066
717980
234620
365985
902271
287383
543349
252480
632667
712756
93965
75146
8140
339544
711676
561145
754269
477085
628988
40641
776479
29048
359168
152387
741137
849688
825410
611233
763946
245901
283814
664205
460147
791534
100911
351407
460304
427843
619287
350062
421276
877044
633927
904371
290428
744434
938838
243127
690521
955795
774562
600582
933677
464024
76693
650148
401443
213182
799889
444987
547533
252216
250897
73348
430853
30134
189239
943241
2913
252824
757133
584007
286000
411737
400880
90369
738094
358057
228156
468595
685732
993757
667953
613845
29710
587244
700641
624838
487768
468273
555164
485093
38743
152208
172100
811154
352428
779839
733766
67437
89655
751254
866228
358293
702553
556533
892840
841437
431178
3954
664314
759016
375853
582988
5180
679005
273185
433428
762191
688259
471812
461883
511354
946369
526987
563169
491144
154668
878527
410801
455215
29750
430338
473711
629418
144278
87605
820305
201918
655248
369005
125302
105632
164192
224251
320309
755706
887040
550092
301090
675144
575276
779309
470331
84792
239869
551020
930124
576754
503244
773157
424687
834173
562867
245946
270088
867064
162015
19183
790656
807787
806782
683846
538485
756777
231935
470156
810647
429832
989481
105241
976119
355003
904051
307859
141240
438154
362895
539588
88264
459414
383273
587178
599763
118426
656735
167006
337894
717867
71131
970027
139466
414806
347124
859703
721124
498153
188769
59104
899789
273717
630863
953913
383218
743972
306785
79393
320435
833455
642734
223024
942132
634133
155269
869573
283571
184593
124905
340455
226167
186485
645952
743643
452500
611641
499494
924875
607266
905014
148924
261111
861312
138339
492827
934343
254425
226761
714248
708500
777270
101986
557847
482082
750268
322040
354619
855654
426750
952743
60641
907866
543867
14869
365213
620581
826676
628391
422000
646433
158582
50105
605693
418693
525577
82122
132939
698325
936173
10356
468212
78087
805137
654579
587246
772422
337701
312488
686341
926413
23116
604646
413023
285076
658235
667368
995576
744664
975609
538622
696942
859401
978762
317018
125978
837415
153115
881749
530337
175606
914337
793531
439548
740435
112374
721339
255212
59060
178947
87825
528247
923913
387786
870457
213663
554742
18667
877152
542751
43916
148078
291576
98396
38258
136845
833570
414165
668742
808274
539053
26892
841583
963449
378156
796371
996498
688001
541500
342167
829388
255354
36259
509438
299118
554876
409930
662309
128753
535097
688123
861542
161836
394203
402531
395557
130788
5161
926380
562677
640854
826329
290076
573059
978087
250402
832282
226243
826131
991174
136716
591095
762891
2880
224131
202150
403049
347095
18147
184530
482858
286600
304536
751261
440686
54844
701157
785837
990264
869558
855412
124950
501021
409264
266558
155219
344773
78099
984048
264317
889360
273851
155073
315314
893386
443455
187739
240508
807676
263879
127883
713523
818138
468449
63172
141044
652739
934785
388250
184438
977433
704754
255259
314007
817407
202149
978728
163341
94678
244351
609819
217575
794652
578903
108319
19640
605315
568863
323626
402387
465392
537089
785384
514646
141659
535128
833529
894820
214381
88093
370338
51074
207594
130229
456057
325969
378688
678694
399031
58245
889055
255793
233151
18606
164274
923089
546269
124248
606059
348541
877838
463124
158143
71880
985321
993202
289121
986179
141673
565405
136177
213608
900978
465509
332475
315386
887830
946055
547573
905732
246359
134643
559691
699076
537761
954189
239798
325728
378924
794476
380464
486886
962373
668302
109515
955020
674858
381926
727836
71958
231286
324120
211011
742290
464316
17712
587009
916120
650880
909616
562295
219807
832370
496100
534257
660477
502483
754275
372159
597294
180832
809487
773693
29115
156240
602079
969903
510981
942962
573343
554341
500784
413285
470383
88311
436904
837674
345155
389592
146917
497571
711202
158528
891948
165135
524126
974579
39522
192947
775302
682503
516422
318314
664117
330030
931748
986357
735572
786650
522699
482561
545369
221277
752953
650245
82868
729982
820512
687670
666484
267235
743949
764193
406805
684659
687619
686700
87297
183283
878626
522571
910086
34496
852279
368218
812111
863936
550189
637890
112803
994432
656188
552281
968468
349783
785629
461840
505317
166659
165550
399852
550119
328706
763156
155166
925218
269415
884364
363860
857753
211849
816362
814467
82535
594989
901668
533482
303029
430953
996764
457864
295297
262198
220716
404511
233251
696697
202935
382233
87944
654811
831369
342883
708955
444067
399342
370789
354640
500987
236729
482043
67207
105173
324342
835246
714553
383913
838138
228258
571917
383359
84648
888040
754089
55697
474790
890580
397038
243682
931888
801377
747161
1021
387536
146443
548268
829847
705613
105746
512213
426696
403860
797951
235119
474579
775486
488172
603051
908312
841232
679058
49686
311188
47524
890034
597247
503337
764638
497742
150672
201234
521368
203579
14404
457893
900900
874529
431954
550543
548019
323469
891208
497421
432441
410117
196583
40393
764074
504321
820385
704614
832231
71623
833114
114482
172290
838245
67794
52777
338484
569309
369708
501049
64193
513331
493255
745993
976899
659623
782951
862584
197324
103994
7583
532716
701413
694897
467563
64107
696411
49782
679594
997882
114994
484758
109953
838649
342721
999763
663271
66167
213007
635766
437227
735338
114587
327947
969844
33262
966606
811506
52700
252531
419452
495974
259245
984290
884002
172299
912014
384953
968322
246001
63317
837970
240837
462038
998033
690303
897042
576442
817760
21769
631863
708249
136022
532773
545170
190810
214973
323260
982660
618206
605807
250300
240080
813477
622632
299410
343366
657635
255905
599210
145955
3891
292256
740906
372956
343527
81166
423464
807282
610051
570433
20975
924127
627718
262819
589457
741835
800149
954484
137746
106672
290156
72232
898496
562855
99982
838285
405373
455673
110414
725967
571280
124831
966603
825599
63978
934358
619871
733586
790827
237918
606781
111648
959531
973325
501481
852534
762940
600680
549339
315200
637881
377011
275103
365581
177241
939117
91637
838284
322879
904268
978796
888151
240589
933455
158544
278135
661691
509182
492847
983148
888263
26451
448628
976092
578364
332025
986703
894606
544796
925467
651146
683378
844606
419707
981391
907079
271801
98485
743604
907442
633695
443950
37807
116418
352098
231879
945292
544338
477463
821495
75101
724921
838722
152292
544295
165146
695861
955183
884973
656042
853633
992122
680842
368159
554680
17336
400478
105285
671814
435720
882638
640016
705709
351781
143587
87639
906890
8189
913707
219612
534519
93447
422232
899027
818685
392009
720406
262335
413371
390134
697357
322727
783710
255140
579951
135878
409863
910330
740226
81806
189086
122462
694835
701288
802344
99703
33211
831669
126325
407223
483957
537278
641399
797
227770
517971
95015
678672
676984
116225
578656
693152
184220
778946
126813
531510
659429
45652
201263
618824
331494
256232
310358
31590
541548
781578
184184
599044
598832
264532
527928
821215
207503
451508
702557
250785
616876
88347
624437
144736
125447
617070
642209
55286
486919
649034
749066
995105
242883
708788
601257
976714
394678
550356
207293
183210
837215
617473
803437
21126
728297
145743
289379
640546
971203
138272
517388
509122
661313
118391
194304
276366
438926
618425
652222
863251
780351
496384
705251
74553
570258
965735
57161
223077
210065
609664
796344
435508
416180
322457
382182
591982
498153
721538
835666
925050
217994
220584
994926
293341
714470
664441
928544
164752
106325
33795
989599
872283
669360
955695
379724
162359
472340
894052
342503
668552
713680
720633
798428
105116
227786
582061
806864
9392
284690
767124
125704
661674
469443
624034
377027
214674
263964
780121
77522
241238
838471
412856
535806
604625
473968
113334
589616
612545
720733
358884
224815
604222
723059
115639
6846
521086
985488
476654
533008
510129
966677
338364
70090
624097
230722
737981
527441
27120
893682
425159
4466
823123
426626
111287
396754
412018
378465
261837
429186
872644
109701
149339
332995
51205
846919
804856
190069
395394
735954
923282
214892
408786
10281
27335
797052
753650
924136
490072
753650
810232
344561
200659
612124
277888
452069
686991
476024
425581
749410
302705
808394
635193
337588
680415
555393
305174
885948
696074
400620
20051
262122
247081
838561
240611
438090
564185
283608
414672
649508
37702
748809
131213
663457
500678
10571
475814
588343
351452
281164
739276
246622
709389
219064
205198
52577
511062
596742
452932
293990
25903
307252
102335
381382
23863
194817
377016
664960
492294
660173
604144
142069
294990
994606
584600
78865
413255
585088
422492
298622
68702
10511
131670
883592
301971
88118
636261
856321
890770
132411
218417
386171
329167
293033
56014
607919
306142
479469
115546
765715
207980
501308
39309
31248
4242
688694
721527
623505
540101
448736
712474
570439
265718
150333
995206
198296
827338
828405
768908
850859
85131
424007
909413
776730
93724
209214
192299
651994
972596
618310
420177
621064
967602
13754
695434
729132
294504
698636
55508
74972
937443
233541
224784
146794
583329
235229
509008
726427
235090
290369
307583
11037
827457
209650
338512
443227
985283
971711
923901
348792
962363
978985
697703
456458
399299
321864
886985
917496
285939
169879
620268
536853
187513
632429
870540
305115
469726
671305
667184
677767
800802
394864
29478
648027
703423
457258
742167
175788
274218
360344
53520
301552
416663
945414
293076
262032
497929
902784
562450
917093
243442
344283
911204
260108
984701
804074
735640
862418
961682
605679
674931
742618
220649
867532
426652
15666
707605
776641
197768
967514
732751
4964
758949
77483
217523
710227
781052
684347
249528
214039
121669
563401
802957
445815
56879
492428
683728
166699
616229
520847
391362
663403
338287
389109
28079
68972
82798
35135
729986
477531
887996
364080
460901
205619
546181
231427
814131
958993
641272
795894
25248
675253
838896
858703
876293
269906
583335
535922
745301
69070
801521
751371
188463
875005
887470
964896
85650
345442
105873
19347
241935
796357
255944
411051
813463
747811
452197
63341
749050
823307
710697
319323
874381
41806
760765
571902
345348
907082
733805
424568
31992
119911
508581
740535
359403
114373
208300
546212
988976
404966
307184
468053
51208
210792
88065
637654
732397
547999
588112
568118
991247
47404
252411
452166
292877
623898
103469
532994
316397
940163
251559
119154
503606
579577
318468
580727
37060
996852
652141
220074
228241
129611
660753
214900
991137
468724
376707
451493
826796
78526
838625
151052
241990
79777
18948
66471
179351
279210
213585
314905
319645
965179
836216
500363
888719
957158
420115
567491
10011
838445
488561
468975
969971
542643
952962
387
321354
130305
445422
255503
387242
569858
194084
279081
281282
753536
328458
837041
558206
710005
385622
169214
794378
357740
496299
67126
558677
311634
973321
496696
216083
899288
348533
758122
788956
541564
725189
704655
713274
796474
451013
816658
350103
606344
649807
106652
951133
668946
779707
992614
385198
161732
879353
145766
77854
783213
784747
774942
641185
856910
574641
355268
645707
634466
735659
315509
576004
941865
682599
618412
372102
968766
838379
86442
166876
41066
265905
874496
154338
826121
573388
391093
354469
975230
653864
742873
486079
86992
112009
626684
992465
105269
374550
758150
958342
399509
209129
706243
712165
672274
897122
926771
85697
773698
867872
722977
81455
95476
141187
902323
838913
628485
653877
449825
873048
705943
727247
787392
231507
824683
497218
796033
679324
83824
198794
875388
67400
836075
452740
423360
382017
746781
462075
305
9131
213434
625590
787433
149941
248256
859780
884367
980179
666113
992607
917997
79871
615143
200279
669603
987839
18338
827432
456663
88624
798702
717091
560089
99110
513189
33464
176114
850768
352067
279409
425869
875996
744177
351921
373684
420125
928317
191606
273340
165328
120105
556780
86328
550790
565436
448330
247118
757934
792465
775492
141091
904454
274172
591340
431978
530084
349166
870798
583203
991217
745285
467681
323027
275172
942591
674035
661393
368903
110322
757665
540724
950183
518905
470447
73388
243059
363432
942400
66892
166049
358201
887048
525075
647190
930960
100944
869663
428804
393354
249095
21242
882152
340937
85056
953319
578894
63737
816634
297609
618725
54686
216976
869667
464696
324757
390843
470367
711239
684958
697689
712067
194907
831080
156924
774031
931593
977940
162628
626123
1722
696165
449655
190950
162425
185887
628493
710674
32312
339124
397963
500806
215365
323429
859833
782848
106941
986411
100878
362979
842232
192118
163564
483929
754753
398788
326388
197130
877499
736961
441163
100526
406206
200757
207435
881007
115595
231829
659749
350395
351951
307898
678646
768158
719640
643350
916793
866519
978357
934563
672096
681839
551539
591848
658975
860955
833781
566049
345986
228021
311421
862185
796118
915990
86997
426545
855423
740010
140440
318193
890956
97405
255700
274587
922648
69747
215851
224035
38693
542041
525861
143094
862173
784236
945797
118999
103180
284781
170605
480337
951458
870486
682548
529868
140369
308337
508457
755503
955622
398215
720147
574662
265384
813513
258570
211358
945866
970838
964114
636128
605758
761278
311603
298219
693615
306141
126430
517887
691656
842938
396884
443574
885787
950007
726303
687856
299621
969918
482445
67642
285731
578982
511132
103104
594996
852594
98099
920744
123142
535353
445496
133429
229303
941617
728680
440974
433493
573666
399315
205139
465763
998725
804932
290240
371220
497927
306298
432056
959768
634932
376844
240983
630660
67930
472319
639645
209142
393250
989327
496580
333996
294640
252330
411721
645345
198687
444567
605638
27608
623917
732357
934104
211703
14851
395226
350076
630345
775662
67816
35939
148171
404421
588905
493991
800415
753583
91522
431561
728811
540509
113277
63991
617568
359102
161826
235461
969659
414618
660658
548147
895370
257021
881956
310631
849003
354828
754865
545191
894175
811701
131961
955553
98292
245519
296902
405008
105192
144216
824570
152424
299386
568853
907383
859740
588507
508359
103332
70249
561408
580329
279289
834477
970483
318164
158503
760000
142299
575852
102359
168499
699895
123095
487086
439256
577858
650816
924815
906422
183829
562751
940333
946250
347339
609645
564926
425779
882468
858766
408884
328768
761519
451546
252367
622878
625408
177397
753005
317866
370970
503350
994279
337633
196094
969972
732142
408932
713446
788358
541034
41018
407318
615843
966892
733594
502441
525948
36565
1723
17583
362456
353569
354757
976382
179705
604443
925278
607057
222249
39272
598772
545588
32615
97002
197140
953315
355806
55008
665493
172226
689253
469098
513198
872086
35074
694893
594953
684347
707455
801011
183933
840769
544697
332006
445105
634859
976297
367296
265770
750228
60771
915067
377997
524802
994920
429952
860082
500923
928276
479139
114478
418739
362065
359471
396663
512039
584331
919129
373883
420746
705403
444609
211500
998256
35630
146977
323393
908323
906907
480467
743247
341309
968884
950251
94981
132236
313079
853300
123045
449437
64502
455664
864850
308778
153309
855659
939236
895678
820469
292319
929933
82572
191077
848854
592252
697138
657134
947080
794259
412116
18332
16696
430556
134331
521990
814194
939021
848152
973819
386569
925801
687788
278378
248349
940933
995815
594006
451090
543925
643752
534450
903854
11424
977555
358061
362909
775578
403810
733425
303192
248595
931883
307351
101761
177389
40528
230371
595696
468880
62421
310617
478834
913441
944697
470272
640027
243668
950528
935557
312169
552873
846952
870110
595968
730396
445816
375395
140761
736268
239703
665172
771306
478487
320067
51633
347228
863876
954939
55901
97084
942144
423618
990482
17755
590859
862327
123951
541416
900217
928290
267254
976891
400907
578095
978578
638328
345834
997488
665554
689751
690396
455221
758604
108251
374786
58541
829785
833584
984966
310012
315993
602158
339678
33757
871277
823199
177084
327720
5447
470805
108202
246150
759734
416304
761719
581481
229006
234851
152187
344043
968944
514829
919216
286414
776651
777643
227948
521270
941205
681475
852396
631883
310638
110328
194634
915297
571917
9346
271361
377581
114412
76856
646035
37987
53815
668566
619886
547557
364182
251028
496464
932966
225541
145113
976558
473749
203824
670753
187870
865191
671601
633548
99567
439140
47738
427315
474315
528544
729983
473544
792169
753054
300401
573027
990304
3454
931015
538484
904012
663164
482674
874774
540692
412867
239149
959961
74236
173818
949644
774966
845563
966287
387189
879880
637875
829661
191269
8671
123377
955294
353619
342891
970241
820742
183952
366279
204075
338786
724285
990011
425376
898195
888486
401276
736044
885050
724445
603099
512044
312923
538766
525243
751498
518627
773510
963391
282468
577582
611203
372637
284798
278090
807765
68849
896243
868972
911802
624500
604307
702436
879237
839516
556362
372798
115859
196632
497391
377080
143145
740969
428339
4846
920864
500103
165224
199821
600828
980169
328594
903622
759145
812715
293611
265413
728180
881695
936959
222
410476
760850
585137
906737
232518
678158
813446
369788
743934
686670
44463
301381
778154
52482
359062
943614
384171
473605
717405
328516
97115
956245
231978
11501
272890
646759
711970
285366
171658
392093
603270
700692
433687
425264
84607
134769
500739
350635
80291
929905
480334
351406
206821
209857
815608
563793
536369
559389
752297
335946
967099
566704
11494
727963
238489
31894
845629
774138
235366
49747
564929
535694
493960
54737
81577
964808
39640
958033
771013
37622
155675
419349
563812
480741
707873
40223
538340
862036
604191
261166
414654
387553
646138
804622
570426
883380
762612
180268
420790
398199
643821
51567
500009
569922
845006
764432
349886
743955
239628
372883
403857
541504
457973
487458
495238
814856
593023
269778
357317
691641
352922
594764
278871
771469
243892
846103
669421
724253
12186
753987
992403
275972
35716
638945
276233
274127
667056
648963
832748
469600
834444
598139
229347
468282
72050
755528
859284
368872
404279
600215
808817
281211
176446
453510
901865
106430
658621
799186
356349
781464
778654
966666
701832
384126
92642
200103
692067
865366
322414
90018
124713
966267
182350
333567
291253
552830
267557
451632
26584
279680
892039
583975
899227
360493
169970
222710
850956
664245
139775
180977
767761
689958
803310
495650
19169
617665
189702
523641
902173
211894
25446
638477
179506
544992
159213
461748
940872
321246
344072
360261
355195
418015
209358
62271
439954
148534
850245
562921
841073
553472
10126
883811
271076
962200
115319
719265
917448
705537
956598
446014
653726
258760
54297
197099
68704
492895
15306
105234
992298
780456
27536
54902
585180
779434
845925
290833
487929
648191
646538
938209
875842
532281
752092
293205
428273
510617
524829
204475
437985
434379
942775
602598
603533
347352
988823
890974
569846
772143
209795
990574
592668
65096
863293
856057
906726
813207
882501
81071
672008
117297
707264
996653
109955
459245
718458
172711
360688
325186
196568
815948
65328
584571
423302
75174
846179
139767
856154
551512
817073
720803
326638
763765
600898
234820
248360
777407
770991
1322
351638
358764
290363
486538
880162
33887
190569
697044
27226
547652
631290
73084
390522
527872
279023
53496
866301
837947
296747
723857
77144
453846
69383
142131
128252
832056
874230
900368
920187
754523
693825
653664
549873
889729
184069
674457
541788
567882
909173
835519
383897
706477
821395
266200
737166
945332
576499
517504
532136
468818
775958
573024
540223
765861
205701
527115
578177
900894
70656
522032
432710
376958
665735
814341
434926
933219
474635
830598
348248
61576
77232
698225
330710
956888
267116
638823
641461
635583
528357
208985
994635
461264
887399
280488
466963
989360
700789
884775
686661
327434
488589
838766
375852
945335
81782
164555
272339
641765
329176
531808
609396
602359
301310
720639
20656
237699
424482
258527
44666
897248
814034
275228
955103
730169
536542
869446
459318
163243
947413
702033
653491
208042
113796
536626
658089
12130
443940
991650
222756
90133
747429
455115
507567
520048
371381
735756
715153
354727
382599
357926
817161
301697
325914
633819
899537
165005
253980
76355
888318
436050
25990
438656
336162
715563
162205
267299
111943
604198
573463
944941
175296
437980
361163
104395
542449
355003
978220
650611
37563
54644
653937
977903
166219
57427
270958
689972
111888
972311
713692
210505
493929
237996
532832
673890
642979
163268
535698
696859
767887
283131
580892
108542
150335
882698
437107
110546
50562
120114
954468
995136
364304
498240
690631
756863
638350
859667
901226
393139
378477
625041
752075
670705
828304
770542
302786
831562
801033
855380
465035
876374
802346
116008
175962
261824
670646
254602
488916
576507
374662
150769
239940
970887
307362
818756
48635
60923
629852
755768
748950
128037
82425
794729
399496
166386
264798
498365
136759
782413
461302
153195
594796
533352
967973
641227
760024
719814
369927
987351
350434
355201
765472
267240
263232
531553
298556
86738
411797
889479
810580
912883
790990
69755
420272
566124
265612
791608
666222
339021
518964
212514
857427
578050
731196
386926
602412
384858
848968
397974
643004
196113
167436
874750
200305
204147
79870
890444
771944
436456
406258
462556
131040
118802
655422
249320
926601
56541
46946
497394
565738
610811
458351
687103
936688
355410
773244
369531
533308
315728
689584
705368
50062
135086
71879
315269
893859
540107
957787
709185
6876
531195
789322
464866
622190
434005
541295
457313
396517
107839
163371
414577
734281
286866
86404
596066
423498
403601
881123
648085
377066
669919
650013
25439
16656
707907
694319
17069
83117
183068
203286
382538
789629
798079
859351
758432
217332
508311
57338
583922
757283
434781
315098
393205
735655
342655
35479
386979
414377
664376
854781
191119
227400
802019
95004
281289
642319
452764
115317
270653
226437
748763
909541
771568
819977
595850
816612
183219
60277
498834
515081
947872
933147
717973
410737
654084
137027
352251
879950
162268
443850
175987
728323
474998
897450
675846
501944
63289
835957
339660
216253
861067
632200
135826
349109
170642
894062
595485
218631
217842
388094
877419
852222
313703
613335
214778
70864
464681
778462
408253
775690
714620
187730
827925
784743
662613
709363
639892
519017
817667
160128
758319
84394
438726
197110
757953
778820
184004
300857
899857
977257
264311
775605
591920
773321
282111
986294
651120
950236
733743
720041
686535
934239
442888
230231
509242
206253
319978
980614
86557
70298
493593
440155
493811
711322
843136
645354
614679
806991
717743
27299
762977
477719
654172
746439
230075
977332
29328
20016
415842
192880
14622
487598
216552
614944
519963
825044
487928
995234
962634
98746
574417
339499
868907
539184
122137
390413
140191
694625
887979
166273
580432
638225
161978
191800
516862
362928
875503
3290
730445
792069
505193
205704
250205
273213
864432
76247
414311
307095
536640
644584
741122
92322
735340
383093
800280
471600
685794
400708
315413
180585
158448
421666
853969
720338
82432
703837
743807
706024
534391
84281
701158
787893
455119
464825
668420
5362
5019
487295
556873
308651
624699
43258
4892
317692
498353
863021
303704
94014
377783
24829
859047
174896
203986
700067
867884
977335
697367
944225
656176
462903
378084
171339
37011
651629
89165
676159
484634
509393
522118
986707
954136
912977
359839
890910
544272
125033
515392
409541
352204
781560
6462
152024
101498
453864
348491
954820
839614
989506
919001
107583
418274
307613
962075
608790
312528
288297
685942
649976
170394
122621
159752
520160
488944
147475
935473
807885
827356
489833
531179
358294
193003
538510
152611
622802
776207
717142
902908
768257
66132
266741
308735
707734
882040
748150
890099
274629
84098
777625
353252
24916
157079
234370
176122
323674
88943
800752
6801
809591
484148
108879
330787
569313
217032
964881
793833
286469
277542
284578
353515
733952
764597
949168
189405
779271
550675
746856
67737
203145
361539
880383
454036
549692
919291
270281
234604
112297
691860
921525
128530
45315
154236
962209
714946
610574
144169
244425
771126
921615
971196
683722
629229
559642
370160
943460
526992
120700
937663
30623
799513
420857
799248
248517
106219
43341
309372
389535
886679
751726
718547
78656
298326
891918
461894
361957
340656
871763
748423
112380
52114
674228
560751
256326
547524
845895
449612
580501
861140
438215
102767
33205
227341
345220
647714
362464
511740
582457
694035
340988
216954
389578
676882
285926
520601
455099
968198
972112
453382
495437
636067
550771
805167
290806
807334
167782
375986
180802
849977
578398
731393
285783
939691
363271
865717
89425
827935
964319
884136
771989
531356
505570
545072
190038
212890
588336
883190
152539
308904
907752
900431
688355
410358
95542
368193
766323
657976
631675
149026
759692
649386
908045
612382
463166
857053
462864
83645
310260
332331
115040
88263
991435
277342
739267
420815
564062
629431
697389
17213
310186
158242
119684
546057
775086
182915
694709
163745
390734
556078
198146
733135
337233
817922
288035
918085
613348
371895
424618
391411
20768
486628
208943
152447
512406
487503
930322
535770
428226
644455
446476
721592
6937
570266
473312
944814
238582
219171
597747
851816
214857
389169
236074
304904
961247
563669
684487
214160
5253
68713
840028
257823
662782
536788
296757
263341
613676
134269
706375
154736
392090
280842
22929
921047
60536
679541
718430
882590
415049
548817
442935
682729
442478
112846
915066
924355
195899
837354
16020
543496
943717
164309
466371
360748
686508
363089
750923
641086
184368
446079
860214
348268
435610
175586
607607
933628
711064
641114
960475
762874
437710
990871
117676
241105
876239
716528
107498
225024
900816
952939
424599
152510
170326
76962
415200
767791
482181
1806
772502
291379
174580
391595
439099
910389
239235
538273
321194
109562
719195
452949
843881
443544
310755
335064
164494
115078
22742
587704
306848
564123
803898
814625
838285
335407
678165
562276
500568
509135
332282
664652
851269
288388
469698
207564
673836
985447
391827
898016
33973
360680
330861
803789
796292
310729
277715
197986
942069
667424
809766
598031
927496
643602
692499
72608
827685
186975
584431
205643
700368
993681
924488
933503
810360
414286
504047
759728
813437
892931
459092
815594
859104
345070
673415
929036
939288
776773
540712
453496
783293
837872
692910
910230
84390
913459
745262
651949
133909
933153
150853
803079
714877
448297
424274
51724
973176
173728
764568
836867
618587
50779
567865
77079
784965
602109
40194
624159
453262
371314
470300
948785
924847
282550
283529
558420
856285
455778
407092
711532
291672
467388
774878
565929
924007
561315
492215
37648
695916
165905
612828
370821
390161
411235
808635
752505
906967
747564
931443
480640
977220
149684
176250
279569
854480
778704
855391
488560
530639
400201
966351
618113
744784
798652
442724
59699
341214
428936
451347
170022
657284
470940
531649
301684
310310
367967
661371
243602
131727
312387
97900
320980
245942
8159
153939
247986
814001
552629
172293
727389
5845
483920
943963
200893
524211
726708
168894
458037
821151
863933
354623
363308
969097
827168
319250
419242
971831
223318
382752
947496
916315
84606
236009
826413
209460
523895
252274
305970
466775
738257
512463
806652
285763
501130
844250
897715
431332
69651
797224
340373
522274
118407
43061
764817
903325
908022
478686
225930
822820
10755
56058
922505
14391
952255
122786
806795
933086
430924
94963
569644
512487
576237
644819
692201
425626
779965
375824
510151
832672
309689
650668
896728
638812
389818
167184
549921
161623
503086
76492
668777
564257
246710
703708
811889
662077
161616
707533
956041
33719
491507
30016
665721
595775
552254
960378
463609
437840
359870
550154
141732
977686
834998
603591
367990
10774
755870
825993
602748
545891
253091
863521
935256
679894
206083
6282
354009
248044
874800
398173
84337
458142
868558
434806
753574
732827
353433
495615
868156
147081
592269
635005
494478
768514
673858
295660
260588
85019
73718
638831
745422
853376
184064
879259
341717
639191
937752
437392
919190
30002
818879
38272
643735
523055
724712
101737
924935
917418
965431
935201
572301
379694
237490
494711
567893
576702
181478
739381
378793
990110
143553
662073
361159
371880
839507
441047
461613
64000
876562
687819
620297
690888
543202
272902
497110
115771
124785
243388
897148
108234
535259
608221
705609
292503
637714
471951
906946
557852
390858
453345
453226
574202
783634
922885
983385
73992
908704
393777
450570
647070
851955
439231
106030
613579
332365
74496
411686
328377
46416
29802
658031
203575
696876
142494
847165
367738
410067
988587
407965
867741
430969
951734
176598
797459
956159
392952
377746
589469
147869
120116
536461
44654
101438
225190
503363
495823
414594
370888
769479
583114
295501
607196
832751
663330
382691
63806
310370
479244
873569
309382
120783
87039
861636
468893
343819
249691
127914
608163
640469
6159
144856
213770
854001
817240
768633
528488
924472
39153
546913
641983
563733
376197
468862
81526
438825
752383
876731
142136
145101
711516
852559
315723
428789
914149
297604
893217
642252
317137
520761
560026
866253
86179
119016
283610
496441
303427
503972
232426
711433
528887
434042
694971
353356
755575
911376
891076
267897
615517
157167
737987
477530
877913
419330
805778
822353
331230
52956
593541
396743
665460
466912
846778
776901
267631
367529
678811
102616
937188
186149
768837
572874
93857
248474
123009
6319
803258
965246
375581
466431
821858
402346
631990
231060
997195
602458
123543
72782
445145
539046
504440
937230
125240
123356
851204
734102
665514
573585
800819
268843
684942
560397
318653
626969
660285
720066
246596
363238
591717
864975
64125
747772
433
907369
891051
621620
138587
115685
983313
653581
455595
6973
421487
587106
586914
934020
184870
504290
709724
802058
963488
580420
123822
714552
176040
456033
913011
530600
283263
371134
913274
868825
452544
628384
214604
90859
916043
479587
779869
145835
370819
104662
637566
703553
842963
828793
679950
483724
832699
52973
958717
411742
447028
23997
261127
445519
705723
723068
378142
966482
998503
684237
510010
962344
985167
444702
842277
120081
95176
103528
800033
759345
941651
372698
571687
811409
346354
988717
499702
521787
932197
939804
80468
507965
989493
371431
125870
836312
139696
542034
368019
695214
514755
269714
663341
269575
726827
500517
193302
606188
427875
345789
15470
61744
465510
385232
939243
725403
519769
749620
441768
987230
920759
755431
898931
955231
186891
73838
607588
824647
244209
490879
666587
867335
534784
400290
876367
397985
588322
248860
173360
575523
798012
36654
398866
425846
300379
409195
919955
103644
968992
433295
232872
392211
934009
651538
65855
215095
426786
362330
198013
344087
963352
29045
571322
830347
691570
901588
587085
249916
269798
871552
718525
218996
480894
194156
312858
859340
61676
212488
794739
31937
795655
109531
942674
931432
301334
281310
26282
439872
769480
243378
697755
911907
340722
12706
17156
199866
385209
763947
44359
402076
982296
317432
736011
756080
828620
28519
935220
534773
862284
647043
458398
940003
357197
63536
547658
597691
957443
454897
395685
767692
443429
943720
516455
553038
973736
850463
350821
181372
468132
136510
492315
665054
194448
970170
694604
302386
680119
184264
525687
235497
777688
477973
821219
957217
192497
45137
363791
312912
614767
676945
697013
78631
358424
175488
939716
926257
480847
564032
694278
267677
803991
928975
209731
572521
197471
462229
891123
229669
436767
521236
956885
393552
668830
402421
954229
380752
965740
548057
856862
988647
455290
31486
85227
179632
612705
115718
601661
611368
972662
965803
859867
151756
305438
793755
329223
681517
6249
586388
227463
788020
629715
812002
440436
298107
295128
571829
754172
663931
665193
458002
443543
281982
525566
473971
499760
509151
801346
805617
333759
552802
460577
396727
457398
872539
436912
573190
469178
455549
483686
527213
662190
580964
289028
901054
508702
867742
936759
260828
760951
689181
643746
337676
722924
889587
300496
273157
244486
428101
869420
752409
700785
705053
363252
226266
607046
682566
207112
230604
504186
867714
24914
33844
303876
910184
527238
641669
917663
28128
285883
873613
932171
299975
597876
307846
651158
986695
641881
562211
803544
317216
970988
771318
365397
750562
404484
975542
485505
416287
654970
563564
158347
552987
537466
815471
418553
804099
732212
245942
84403
761562
492939
2061
732532
246662
189251
164987
361164
56015
178302
454247
552727
924625
247270
209323
286280
140938
786583
585813
705044
803264
653097
43368
204673
462905
251932
942557
949917
386091
18332
605420
834811
624313
157101
185797
262333
599644
75366
945391
802916
834639
66690
959540
871076
156304
565856
768953
189043
803089
833280
690632
678107
828761
796797
518960
631
42182
740301
656337
719443
833974
402085
719540
425495
473219
482163
21274
613843
99568
138359
250607
211797
502736
203230
83456
302291
275779
587405
244553
224683
692793
605296
307993
89268
342044
830444
236307
752697
509957
59270
959544
917071
504560
934010
630324
362268
627258
618703
626501
373799
919575
18545
886713
872630
620413
29065
662339
15150
636931
587798
533328
149065
452329
848240
323334
180345
138385
898775
169206
430028
693415
811165
728230
810485
706606
612385
304433
632111
393401
748253
754608
132157
429075
641244
544755
377385
677569
616908
22013
931446
22167
302321
302657
356407
102476
434488
974496
395102
53005
621509
71479
373187
881792
618113
952656
468865
137247
226076
506438
346111
377599
601513
19794
346676
891429
908357
238624
801434
507688
652836
128112
320657
61964
223699
668248
783441
978932
429099
321423
604896
409996
744141
446024
762398
830020
613266
239122
194605
266771
576798
957473
161082
507755
903897
694718
990234
786183
670914
350155
160634
790425
879158
986636
759599
932396
685024
369511
543654
406357
92320
688509
173940
866756
592477
414207
967223
756045
126741
109936
91947
320488
720998
126777
958816
436339
93503
961761
676511
662148
115370
786769
454375
66153
100710
362926
538774
644077
545334
296558
310209
275167
941005
198705
251610
338048
758131
929574
80866
270673
118091
48778
891139
84266
648640
470831
36263
59629
938290
913878
528231
779977
243568
773393
73401
497186
978842
264467
88646
128323
485312
961679
226424
320675
326867
46712
797238
483314
259753
657179
322637
487146
751170
488009
630088
147966
240238
806434
697875
780184
827453
98078
80410
995164
86504
471771
109684
875436
729113
294632
467913
400582
349019
162615
699055
698596
972712
422984
274308
294101
189113
798447
307725
32488
271385
650078
526096
755641
736383
379134
762728
13008
78019
609619
721924
320994
77178
11018
205040
661208
581608
878680
428691
341777
627409
130971
889341
480325
178797
128589
994035
631152
697608
530251
65225
87995
306650
285713
479389
110930
595817
356333
358486
624541
544923
219088
918394
610497
115648
716762
327766
224006
297689
74237
110466
154694
93277
333594
951355
213943
510948
619292
163473
940015
627417
345014
404016
792925
719727
262581
64122
47551
292591
681433
99591
181431
533552
391685
475857
483328
729834
771184
216970
171106
213446
788110
946836
508643
119985
497418
834621
60597
204020
276178
334475
183156
685722
86829
537133
904207
981838
871459
301638
769750
473397
957595
331406
241202
631428
843392
580447
896100
103251
735120
282661
298953
292186
523977
599887
392380
895205
25058
634614
183172
432257
437246
290152
57187
655476
252296
317959
993669
366171
200309
427962
902957
151926
432249
634581
207986
728684
881509
913541
188720
631239
481018
101843
329127
115518
801893
257341
413144
495154
72348
504272
874479
741725
750368
879657
469608
631019
786761
234489
247385
793177
263990
926606
316843
76948
783493
642289
24070
596592
129000
610366
331922
522797
866262
820487
285299
552847
711214
436403
391888
535886
839633
809600
355098
116651
190457
824919
670843
791535
266510
591201
622259
802214
556834
435754
113108
782183
116842
596000
644397
916607
204218
506310
811601
487305
44375
612391
9566
629392
365524
172354
95967
369315
693606
504048
425121
606777
725060
43091
160363
841448
193039
5698
785033
740088
790209
922331
173405
634837
176106
486984
624878
262486
696804
450502
136177
893545
207249
289998
618344
398131
38230
658976
934327
797804
671815
912336
684870
473349
12918
509591
419762
476989
337439
485460
481314
488483
115294
124087
71388
483275
807873
320803
205589
132299
762837
514819
626517
969631
904847
715408
880506
732114
755002
778475
686677
467907
62634
715530
21043
372061
950853
85336
745411
658735
463597
39808
553980
12126
436811
862527
815002
687363
20466
419038
217264
136787
864471
993749
245474
549916
927564
136319
597504
308023
54868
163112
963165
487311
253593
5057
965346
442790
39183
641883
585395
193569
30511
951351
965357
433318
453129
803881
45713
940900
418866
54691
731284
264577
363431
286766
256848
990476
234426
443222
319170
905281
599181
397963
863332
129179
630701
134868
938549
999572
189514
351713
9677
840743
327103
862605
602673
589744
498447
985981
611209
821115
209439
104725
70643
941531
531790
738841
181869
38485
247174
137205
376220
336867
62154
238005
908646
616459
384971
833791
325929
462658
927752
711876
488124
240117
978175
791484
912542
776313
951910
249537
74027
992512
261712
766492
249963
645674
184758
4954
514974
978960
831915
569538
96562
342212
455287
665110
106095
680151
357088
905662
297434
814539
805350
235382
951553
844908
344887
734374
914420
612572
602530
9351
470165
567581
358014
913977
954064
740746
530152
850443
24768
907006
606676
772625
614068
897141
893552
14342
165683
879494
954348
37288
967023
352348
636189
913807
70867
603811
880959
305786
699819
841740
894732
86799
246877
406118
89387
331171
142864
473420
642483
368510
708393
145410
823599
877620
169897
766793
553749
539809
421522
985896
568138
818799
976918
187274
951464
781918
46788
983163
31763
234122
250126
768087
160710
795574
61452
279654
768558
6703
501409
365111
554841
428800
164337
927937
53854
119809
417669
860487
221656
208372
346069
347695
850924
815470
798274
146420
479828
527254
864498
469979
104541
268284
740384
313252
378951
997072
631925
611632
610269
910232
797078
244539
628402
179231
463938
265844
475941
522846
301784
422770
162166
867526
497739
560716
909214
818944
829383
178560
571526
623526
202473
468779
590862
258236
501057
274084
85205
271184
132560
394977
537494
756074
708646
183381
583555
865026
590145
290282
443285
757705
921654
688995
688511
67577
217043
723823
64567
21970
912230
246265
729444
114954
618752
488149
641804
977303
550527
127320
587243
488759
340346
123449
816165
971174
600217
921467
941989
342894
413269
219571
477166
848217
843719
161778
371964
84282
561397
831290
996640
906505
242219
703476
646798
284723
780564
538122
211889
194394
200091
575092
566688
892198
571056
726286
811397
657999
285707
675739
731081
316977
802249
659211
605000
141018
549981
959873
458011
931203
141433
586662
957385
643326
36866
470530
895065
958799
615028
999065
223254
404447
161663
326113
551267
908157
324893
962050
765676
923242
37924
449951
615233
260174
451467
708649
231441
571794
267487
322109
357786
822885
312174
933473
261856
601779
854630
625827
279055
68118
138321
638992
746310
747065
603014
118126
687376
345416
501100
54996
242149
271872
370621
888512
670538
426219
728432
436832
19894
72449
728584
577810
200648
68460
405145
859194
864836
277209
930641
350565
294317
70382
654609
732840
174923
13405
230793
536827
22721
228088
660427
734404
721379
264407
500592
808263
399715
16468
993872
828404
265839
43535
213499
918250
100680
908677
791887
897479
361623
710480
224102
397861
440535
984455
458296
470914
706857
469696
928291
35612
183102
938031
310210
989880
473848
527640
185246
922029
2334
199138
489490
658104
624254
50003
119345
704424
685533
817087
429698
396269
104709
298464
967525
124506
935414
160778
626353
120499
609585
441307
873437
808519
549750
22783
541485
163644
288529
50462
460297
146398
885420
637556
810640
33935
112848
524453
878896
98873
178577
232535
995711
845225
13471
346749
141114
317550
457784
420874
750074
542962
26810
352206
647933
873857
666317
426510
511390
737273
704320
557671
732404
51732
508458
331661
733898
84293
124679
110112
646324
521042
799427
150344
837438
790281
816712
116774
347789
301937
241862
829167
501463
710962
396774
891173
332154
20500
102606
512308
650074
652500
799353
858196
180718
713460
932105
723298
459877
625613
489279
537080
368707
464898
194467
948449
55281
126486
817745
783029
429433
993070
243177
773810
127329
782197
945465
193861
805529
623212
953541
748625
824426
271774
944415
420854
584825
467314
129097
832212
839629
141323
737005
75400
696048
277197
801262
168070
745966
999067
461307
648177
185332
806641
658824
1367
809842
481412
86957
871574
540054
443762
652733
761996
521429
869973
921573
45676
496557
179963
417888
920595
21792
331435
788971
540278
925169
106068
949187
745714
377519
628768
840209
20779
448261
148516
986832
762043
198303
198685
512949
961746
882000
508663
905722
511584
797427
695844
482260
106617
554039
9739
543934
9998
10535
928028
305107
148242
100937
776070
561743
805972
252191
437378
623688
787631
500722
42441
973075
680277
807623
216603
515942
432417
170261
979749
593433
390103
174687
127268
686603
125592
170746
401994
569051
105887
228059
384176
8035
64214
58937
362804
487756
818208
421
636863
84698
761307
196708
81501
986830
58750
761351
796426
384330
687100
632849
864954
77487
798629
748555
22099
118638
74437
843419
18946
736108
320285
601264
679052
536739
623646
931011
575274
665119
444587
643618
887076
30480
416069
937335
528801
654904
119898
311060
968840
345882
109587
518332
780154
462486
609316
172101
581501
936859
625608
149782
411347
403833
290734
673327
32748
780133
54203
519878
302090
93297
826590
342055
595557
885306
524686
538560
714388
210151
13348
295690
821582
870469
693920
287435
910449
872041
78453
294127
283939
365326
761299
837967
399060
643292
782396
754729
635879
843547
788870
763755
399519
640123
776897
471166
754578
678295
182010
602949
377168
571645
811411
411093
224355
802290
341248
662831
759928
784619
214885
697485
421060
913654
486632
367579
725327
51198
201718
655994
664270
754541
524621
466451
751385
697641
874343
374477
728697
567845
917907
229687
443063
837495
637433
516135
821669
323556
490778
892039
194857
774592
814879
951961
589131
356615
620048
654111
786119
758893
274236
755170
216678
355320
685421
375011
354961
635398
985381
698986
388604
222252
909363
988700
593847
40640
230859
192430
795639
774060
855989
669599
359357
948514
318205
927763
114709
716082
147675
697988
493123
387065
104730
128040
328518
788529
405396
518200
986730
571744
431667
835026
566464
189115
649
69100
349925
349171
205893
551439
239682
175603
325832
145083
345439
742991
907949
199733
176622
556428
808857
129827
54391
226820
282704
851718
301967
419154
270561
498638
408040
146800
152286
469904
544686
375154
260037
876096
251431
369230
402858
453238
695026
787700
308863
331233
130209
171010
608803
395692
937470
335279
52141
103100
356513
720354
123320
735166
582334
518061
906378
362148
690967
770259
467867
161922
79824
177629
854520
419306
389793
648695
833369
878443
367739
911576
345242
247902
988129
960475
578439
391433
66170
321711
993894
556771
993420
773917
707398
501645
261350
359126
529042
780825
751475
292079
236899
685277
495775
613985
984057
689846
754914
615665
91777
322214
47599
572759
226022
153915
317307
446418
396564
469119
89510
589703
721450
420640
482113
729927
443898
211606
708508
330713
78876
674309
894347
921426
501606
445028
108194
981592
255382
128509
665571
622935
620527
359731
332733
934557
367038
857751
687041
926169
533288
287524
240990
706614
651006
713795
617493
185104
539913
144746
991120
731565
954733
831662
588542
350246
893367
328104
384500
953625
142945
535784
808221
78806
844152
707836
792405
195886
713220
318716
91039
250680
295874
652877
380929
422889
387825
710280
257356
382291
349051
501355
972949
435038
391455
882420
623972
936723
845184
696778
459782
899469
800476
662000
931360
832522
277176
537675
344059
779344
734013
621804
265533
60286
172084
280034
324358
903812
132449
856512
669966
581157
506285
532272
104504
998965
271704
756339
379836
22974
843984
996462
302028
583577
927910
716987
674311
425007
541508
439607
324168
968508
801898
486866
286004
40114
245428
666733
422503
48492
374959
966162
750855
897868
505331
759810
111684
82181
267800
833430
647681
182621
672436
32098
483689
406362
882150
877334
857649
252455
135517
772779
332715
744088
127174
295138
513272
153317
174499
697298
15367
993526
301152
155230
382820
761112
584029
423946
57739
133427
542104
328112
665764
524619
136756
127155
417628
478022
890233
102554
963833
32009
759525
337532
780074
138145
708235
956217
289556
362459
536455
564947
165010
862549
94239
557101
14414
527052
798419
970692
253650
204679
20329
909815
961557
192045
379011
642832
482290
265564
80871
607011
533758
941512
170476
851627
535946
182820
104484
584244
578058
171387
232725
357184
686391
220776
732895
990298
666112
356664
260033
835193
594136
503273
879820
67994
978449
962861
195447
973267
822977
726094
25336
515735
211087
107675
98564
961749
920319
172468
749257
103890
321688
47916
417051
171915
954169
10975
232276
571559
975633
646912
787264
677462
966841
772918
232597
911822
125286
373536
840992
787244
301137
783395
40676
305416
306538
303258
590702
346644
642292
78675
277630
662689
425104
842652
568324
930460
647419
171724
178719
150898
882283
892320
703427
757759
322476
827899
279717
276743
829490
148349
90137
772598
189943
765936
79755
68915
278869
169755
367508
780160
163432
576691
293044
871462
985223
485699
200392
413762
648819
707473
298223
974987
380305
538216
756065
736021
452549
734688
448714
34665
298059
465652
862605
653337
508400
589138
483520
864312
11807
892597
692015
39439
248768
605258
841757
854623
434694
965257
655043
74549
344777
267615
115606
242676
978056
30104
69354
273830
693482
224681
180138
374101
647979
334624
298793
857810
305943
78253
813504
898061
148085
57235
712791
783959
558901
773494
535208
199260
426654
606294
571363
346584
933817
621629
501830
71920
596695
530185
961715
467834
29319
914837
360425
206375
343269
253987
750580
470391
788895
742500
87225
837488
498654
870260
760462
258882
803290
713533
360288
170925
681467
548213
425790
192537
857163
735956
691550
487929
31888
49564
885886
769756
266721
502860
898297
464989
893788
706067
785679
67885
851725
771394
372721
259132
571661
992791
851675
784659
374263
888450
93002
433882
141387
598892
402111
67617
818634
736382
391667
336077
424948
660886
903373
492632
568476
595404
759880
40058
928636
47008
91214
589521
457087
434890
524583
442801
176179
209542
726792
293808
759782
564364
974748
962703
573660
641246
320489
40819
30224
979837
770074
628198
710149
66634
474829
762937
573288
592704
439258
219093
240668
871271
741770
633774
536417
905343
642967
872071
985161
27020
910695
615392
158929
881773
906405
423279
348091
673264
364185
308574
862256
875497
975645
829277
655983
136503
427145
67676
817379
931908
713780
22940
140483
74875
405352
965153
740914
488113
959246
294220
296888
241554
358206
668199
133756
118039
65232
915153
599206
974964
888794
631148
464343
345365
895627
46020
706949
377114
525440
551205
607307
528035
747682
548055
251769
125457
86491
753896
238614
894954
202049
484390
68920
654545
436445
115421
788199
75903
382183
104442
259636
565710
881655
240587
887294
983132
908740
122432
998797
392375
32125
503125
773886
456590
476089
196797
785066
746058
392127
345098
760638
369363
798301
855286
795972
140295
21285
102728
205219
829852
85554
787825
261264
718113
587171
983135
137300
751653
607241
525755
182653
66797
292740
768684
883555
955928
901842
768597
859434
737414
657375
490956
136390
580603
87617
899900
938224
793216
939650
689588
237411
975664
152556
432487
635179
63447
565497
745841
599456
359622
692801
641373
794232
796642
672422
534961
460150
190270
405282
485088
412721
913441
961659
316623
882463
91329
615952
603431
200191
435929
397502
438933
772236
823474
762823
489466
787895
4336
642444
166744
358183
284696
972919
799672
200987
2575
858472
756314
250209
819175
477820
795947
578404
439166
930937
715172
108512
130727
161741
435748
766365
667547
355107
455554
901096
305291
928759
657143
669895
755790
585809
671602
343115
138817
825504
597478
740077
589334
574983
187875
911517
348437
267666
909636
652310
675684
626947
729125
395084
640337
761600
872344
508813
130343
513953
593128
338720
357017
731889
634452
577875
32025
437416
943837
855195
311939
727487
981318
495130
326638
335056
565618
812902
826007
433506
930158
181460
295286
673951
95050
916382
50256
356615
407166
214212
750771
191434
901049
895469
62645
343743
145953
406597
454804
637029
61561
173009
335426
755481
383887
303624
972381
756063
821443
862528
469115
967097
636054
362176
127754
95342
356864
961854
107587
607479
194813
447646
597369
575826
17631
871625
804405
130225
456663
242639
770354
210733
904776
860174
891263
278431
683294
111414
903448
466775
348936
451767
830684
971752
453817
487904
968849
768231
344554
459314
252239
251859
828793
352861
48180
206740
772282
173585
541141
94897
449211
127877
500446
405908
838023
632783
199693
923814
38979
757738
727001
734407
46926
715316
392938
851473
314366
479638
512252
748937
96620
492559
359010
605891
703521
879828
764675
437191
591872
115343
970903
591899
361556
675253
164063
26776
755099
170394
11066
715487
173725
57288
778562
221646
767622
414535
678474
695080
280821
105196
142348
373733
572837
919274
774891
897357
620815
942519
549587
909882
51718
37065
329395
669761
711275
371653
216841
279806
54154
90232
595424
460562
566198
482652
581763
694331
796363
859431
375223
719971
399821
315962
500413
150194
179530
594768
54430
297193
213112
581193
340465
393564
748167
112143
702473
201665
480550
227005
704610
